{"producer":{"name":"Blender","version":"2.83.0","exporter_version":"6.4.1","file":"press.babylon"},
"autoClear":true,"clearColor":[0.0509,0.0509,0.0509],"gravity":[0,-9.81,0],
"materials":[{"name":"Material","id":"Material","customType":"BABYLON.PBRMaterial","backFaceCulling":true,"checkReadyOnlyOnce":false,"maxSimultaneousLights":4,"environmentIntensity":1,"albedo":[0.8,0.8,0.8],"reflectivity":[0.5,0.5,0.5],"roughness":0.5,"alpha":1,"transparencyMode":0,"alphaCutOff":0.4,"metallic":0}],
"multiMaterials":[],
"skeletons":[{"name":"Armature","id":0,"dimensionsAtRest":[0.3036,0.2106,0.3061],"bones":[
{"name":"main","index":0,"matrix":[1,0,0,0,0,1,0,0,0,0,-1,0,0,0,0,1],"rest":[1,0,0,0,0,1,0,0,0,0,-1,0,0,0,0,1],"parentBoneIndex":-1,"length":0.1965
,"animation":{"dataType":3,"framePerSecond":30,"keys":[
{"frame":1,"values":[1,0,0,0,0,1,0,0,0,0,-1,0,0,0,0,1]},
{"frame":70,"values":[1,0,0,0,0,1,0,0,0,0,-1,0,0,0,0,1]}],"loopBehavior":1,"name":"anim","property":"_matrix"}},
{"name":"arm0","index":1,"matrix":[1,0.0006,-0.0001,0,0,0.2277,0.9737,0,0.0006,-0.9737,0.2277,0,0.2624,0.1511,-0.1964,1],"rest":[1,0.0006,-0.0001,0,0,0.2277,0.9737,0,0.0006,-0.9737,0.2277,0,0.2624,0.1511,-0.1964,1],"parentBoneIndex":0,"length":0.1502
,"animation":{"dataType":3,"framePerSecond":30,"keys":[
{"frame":1,"values":[1,0.0006,-0.0001,0,0,0.2277,0.9737,0,0.0006,-0.9737,0.2277,0,0.2624,0.1511,-0.1964,1]},
{"frame":2,"values":[1,0.0006,-0.0001,0,0,0.2301,0.9732,0,0.0006,-0.9732,0.2301,0,0.2624,0.1511,-0.1964,1]},
{"frame":3,"values":[1,0.0006,-0.0001,0,0,0.237,0.9715,0,0.0006,-0.9715,0.237,0,0.2624,0.1511,-0.1964,1]},
{"frame":4,"values":[1,0.0006,-0.0001,0,0,0.2481,0.9687,0,0.0006,-0.9687,0.2481,0,0.2624,0.1511,-0.1964,1]},
{"frame":5,"values":[1,0.0006,-0.0001,0,0,0.263,0.9648,0,0.0006,-0.9648,0.263,0,0.2624,0.1511,-0.1964,1]},
{"frame":6,"values":[1,0.0006,-0.0001,0,0,0.2814,0.9596,0,0.0006,-0.9596,0.2814,0,0.2624,0.1511,-0.1964,1]},
{"frame":7,"values":[1,0.0006,-0.0001,0,0,0.3029,0.953,0,0.0006,-0.953,0.3029,0,0.2624,0.1511,-0.1964,1]},
{"frame":8,"values":[1,0.0006,-0.0001,0,-0.0001,0.3272,0.945,0,0.0006,-0.945,0.3272,0,0.2624,0.1511,-0.1964,1]},
{"frame":9,"values":[1,0.0006,-0.0001,0,-0.0001,0.3538,0.9353,0,0.0006,-0.9353,0.3538,0,0.2624,0.1511,-0.1964,1]},
{"frame":10,"values":[1,0.0006,-0.0001,0,-0.0001,0.3823,0.9241,0,0.0006,-0.9241,0.3823,0,0.2624,0.1511,-0.1964,1]},
{"frame":11,"values":[1,0.0006,-0.0001,0,-0.0001,0.4123,0.9111,0,0.0006,-0.9111,0.4123,0,0.2624,0.1511,-0.1964,1]},
{"frame":12,"values":[1,0.0006,-0.0001,0,-0.0001,0.4433,0.8964,0,0.0006,-0.8964,0.4433,0,0.2624,0.1511,-0.1964,1]},
{"frame":13,"values":[1,0.0006,-0.0001,0,-0.0002,0.475,0.88,0,0.0006,-0.88,0.475,0,0.2624,0.1511,-0.1964,1]},
{"frame":14,"values":[1,0.0006,-0.0001,0,-0.0002,0.5069,0.862,0,0.0006,-0.862,0.5069,0,0.2624,0.1511,-0.1964,1]},
{"frame":15,"values":[1,0.0006,-0.0001,0,-0.0002,0.5386,0.8425,0,0.0006,-0.8425,0.5386,0,0.2624,0.1511,-0.1964,1]},
{"frame":16,"values":[1,0.0006,-0.0001,0,-0.0002,0.5698,0.8218,0,0.0006,-0.8218,0.5698,0,0.2624,0.1511,-0.1964,1]},
{"frame":17,"values":[1,0.0006,-0.0001,0,-0.0002,0.5999,0.8,0,0.0006,-0.8,0.5999,0,0.2624,0.1511,-0.1964,1]},
{"frame":18,"values":[1,0.0006,-0.0001,0,-0.0003,0.6288,0.7775,0,0.0005,-0.7775,0.6288,0,0.2624,0.1511,-0.1964,1]},
{"frame":19,"values":[1,0.0006,-0.0001,0,-0.0003,0.6562,0.7546,0,0.0005,-0.7546,0.6562,0,0.2624,0.1511,-0.1964,1]},
{"frame":20,"values":[1,0.0006,-0.0001,0,-0.0003,0.6817,0.7316,0,0.0005,-0.7316,0.6817,0,0.2624,0.1511,-0.1964,1]},
{"frame":21,"values":[1,0.0006,-0.0001,0,-0.0003,0.7053,0.7089,0,0.0005,-0.7089,0.7053,0,0.2624,0.1511,-0.1964,1]},
{"frame":22,"values":[1,0.0006,-0.0001,0,-0.0003,0.7267,0.687,0,0.0005,-0.687,0.7267,0,0.2624,0.1511,-0.1964,1]},
{"frame":23,"values":[1,0.0006,-0.0001,0,-0.0003,0.7458,0.6662,0,0.0005,-0.6662,0.7458,0,0.2624,0.1511,-0.1964,1]},
{"frame":24,"values":[1,0.0006,-0.0001,0,-0.0004,0.7626,0.6469,0,0.0005,-0.6469,0.7626,0,0.2624,0.1511,-0.1964,1]},
{"frame":25,"values":[1,0.0006,-0.0001,0,-0.0004,0.7769,0.6296,0,0.0005,-0.6296,0.7769,0,0.2624,0.1511,-0.1964,1]},
{"frame":26,"values":[1,0.0006,-0.0001,0,-0.0004,0.7888,0.6146,0,0.0005,-0.6146,0.7888,0,0.2624,0.1511,-0.1964,1]},
{"frame":27,"values":[1,0.0006,-0.0001,0,-0.0004,0.7982,0.6024,0,0.0005,-0.6024,0.7982,0,0.2624,0.1511,-0.1964,1]},
{"frame":28,"values":[1,0.0006,-0.0001,0,-0.0004,0.8051,0.5932,0,0.0005,-0.5932,0.8051,0,0.2624,0.1511,-0.1964,1]},
{"frame":29,"values":[1,0.0006,-0.0001,0,-0.0004,0.8092,0.5875,0,0.0005,-0.5875,0.8092,0,0.2624,0.1511,-0.1964,1]},
{"frame":30,"values":[1,0.0006,-0.0001,0,-0.0004,0.8107,0.5855,0,0.0005,-0.5855,0.8107,0,0.2624,0.1511,-0.1964,1]},
{"frame":41,"values":[1,0.0006,-0.0001,0,-0.0004,0.8093,0.5873,0,0.0005,-0.5873,0.8093,0,0.2624,0.1511,-0.1964,1]},
{"frame":42,"values":[1,0.0006,-0.0001,0,-0.0004,0.8054,0.5927,0,0.0005,-0.5927,0.8054,0,0.2624,0.1511,-0.1964,1]},
{"frame":43,"values":[1,0.0006,-0.0001,0,-0.0004,0.799,0.6013,0,0.0005,-0.6013,0.799,0,0.2624,0.1511,-0.1964,1]},
{"frame":44,"values":[1,0.0006,-0.0001,0,-0.0004,0.7902,0.6128,0,0.0005,-0.6128,0.7902,0,0.2624,0.1511,-0.1964,1]},
{"frame":45,"values":[1,0.0006,-0.0001,0,-0.0004,0.7791,0.6269,0,0.0005,-0.6269,0.7791,0,0.2624,0.1511,-0.1964,1]},
{"frame":46,"values":[1,0.0006,-0.0001,0,-0.0004,0.7656,0.6433,0,0.0005,-0.6433,0.7656,0,0.2624,0.1511,-0.1964,1]},
{"frame":47,"values":[1,0.0006,-0.0001,0,-0.0003,0.7499,0.6615,0,0.0005,-0.6615,0.7499,0,0.2624,0.1511,-0.1964,1]},
{"frame":48,"values":[1,0.0006,-0.0001,0,-0.0003,0.732,0.6813,0,0.0005,-0.6813,0.732,0,0.2624,0.1511,-0.1964,1]},
{"frame":49,"values":[1,0.0006,-0.0001,0,-0.0003,0.7119,0.7023,0,0.0005,-0.7023,0.7119,0,0.2624,0.1511,-0.1964,1]},
{"frame":50,"values":[1,0.0006,-0.0001,0,-0.0003,0.6898,0.724,0,0.0005,-0.724,0.6898,0,0.2624,0.1511,-0.1964,1]},
{"frame":51,"values":[1,0.0006,-0.0001,0,-0.0003,0.6658,0.7462,0,0.0005,-0.7462,0.6658,0,0.2624,0.1511,-0.1964,1]},
{"frame":52,"values":[1,0.0006,-0.0001,0,-0.0003,0.64,0.7684,0,0.0005,-0.7684,0.64,0,0.2624,0.1511,-0.1964,1]},
{"frame":53,"values":[1,0.0006,-0.0001,0,-0.0003,0.6126,0.7904,0,0.0005,-0.7904,0.6126,0,0.2624,0.1511,-0.1964,1]},
{"frame":54,"values":[1,0.0006,-0.0001,0,-0.0002,0.584,0.8118,0,0.0006,-0.8118,0.584,0,0.2624,0.1511,-0.1964,1]},
{"frame":55,"values":[1,0.0006,-0.0001,0,-0.0002,0.5543,0.8323,0,0.0006,-0.8323,0.5543,0,0.2624,0.1511,-0.1964,1]},
{"frame":56,"values":[1,0.0006,-0.0001,0,-0.0002,0.5239,0.8518,0,0.0006,-0.8518,0.5239,0,0.2624,0.1511,-0.1964,1]},
{"frame":57,"values":[1,0.0006,-0.0001,0,-0.0002,0.4931,0.87,0,0.0006,-0.87,0.4931,0,0.2624,0.1511,-0.1964,1]},
{"frame":58,"values":[1,0.0006,-0.0001,0,-0.0001,0.4623,0.8867,0,0.0006,-0.8867,0.4623,0,0.2624,0.1511,-0.1964,1]},
{"frame":59,"values":[1,0.0006,-0.0001,0,-0.0001,0.4318,0.902,0,0.0006,-0.902,0.4318,0,0.2624,0.1511,-0.1964,1]},
{"frame":60,"values":[1,0.0006,-0.0001,0,-0.0001,0.4021,0.9156,0,0.0006,-0.9156,0.4021,0,0.2624,0.1511,-0.1964,1]},
{"frame":61,"values":[1,0.0006,-0.0001,0,-0.0001,0.3735,0.9276,0,0.0006,-0.9276,0.3735,0,0.2624,0.1511,-0.1964,1]},
{"frame":62,"values":[1,0.0006,-0.0001,0,-0.0001,0.3465,0.9381,0,0.0006,-0.9381,0.3465,0,0.2624,0.1511,-0.1964,1]},
{"frame":63,"values":[1,0.0006,-0.0001,0,-0.0001,0.3213,0.947,0,0.0006,-0.947,0.3213,0,0.2624,0.1511,-0.1964,1]},
{"frame":64,"values":[1,0.0006,-0.0001,0,0,0.2984,0.9544,0,0.0006,-0.9544,0.2984,0,0.2624,0.1511,-0.1964,1]},
{"frame":65,"values":[1,0.0006,-0.0001,0,0,0.2781,0.9605,0,0.0006,-0.9605,0.2781,0,0.2624,0.1511,-0.1964,1]},
{"frame":66,"values":[1,0.0006,-0.0001,0,0,0.2608,0.9654,0,0.0006,-0.9654,0.2608,0,0.2624,0.1511,-0.1964,1]},
{"frame":67,"values":[1,0.0006,-0.0001,0,0,0.2468,0.9691,0,0.0006,-0.9691,0.2468,0,0.2624,0.1511,-0.1964,1]},
{"frame":68,"values":[1,0.0006,-0.0001,0,0,0.2364,0.9717,0,0.0006,-0.9717,0.2364,0,0.2624,0.1511,-0.1964,1]},
{"frame":69,"values":[1,0.0006,-0.0001,0,0,0.2299,0.9732,0,0.0006,-0.9732,0.2299,0,0.2624,0.1511,-0.1964,1]},
{"frame":70,"values":[1,0.0006,-0.0001,0,0,0.2277,0.9737,0,0.0006,-0.9737,0.2277,0,0.2624,0.1511,-0.1964,1]}],"loopBehavior":1,"name":"anim","property":"_matrix"}},
{"name":"arm1","index":2,"matrix":[1,0,0.0005,0,0,0.9999,0.0082,0,-0.0005,-0.0082,0.9999,0,0,0.1502,0,1],"rest":[1,0,0.0005,0,0,0.9999,0.0144,0,-0.0005,-0.0144,0.9999,0,0,0.1502,0,1],"parentBoneIndex":1,"length":0.1182
,"animation":{"dataType":3,"framePerSecond":30,"keys":[
{"frame":1,"values":[1,0,0.0005,0,0,0.9999,0.0082,0,-0.0005,-0.0082,0.9999,0,0,0.1502,0,1]},
{"frame":2,"values":[1,0,0.0005,0,0,0.9999,0.0096,0,-0.0005,-0.0096,0.9999,0,0,0.1502,0,1]},
{"frame":3,"values":[1,0,0.0005,0,0,0.9998,0.0136,0,-0.0005,-0.0136,0.9998,0,0,0.1502,0,1]},
{"frame":4,"values":[1,0,0.0005,0,0,0.9997,0.0201,0,-0.0005,-0.0201,0.9997,0,0,0.1502,0,1]},
{"frame":5,"values":[1,0,0.0005,0,0,0.9995,0.0289,0,-0.0005,-0.0289,0.9995,0,0,0.1502,0,1]},
{"frame":6,"values":[1,0,0.0005,0,0,0.9991,0.0398,0,-0.0005,-0.0398,0.9991,0,0,0.1502,0,1]},
{"frame":7,"values":[1,0,0.0005,0,0,0.9985,0.0526,0,-0.0005,-0.0526,0.9985,0,0,0.1502,0,1]},
{"frame":8,"values":[1,-0.0001,0.0005,0,0,0.9977,0.0672,0,-0.0005,-0.0672,0.9977,0,0,0.1502,0,1]},
{"frame":9,"values":[1,-0.0001,0.0005,0,0,0.9965,0.0832,0,-0.0005,-0.0832,0.9965,0,0,0.1502,0,1]},
{"frame":10,"values":[1,-0.0001,0.0005,0,0,0.9949,0.1006,0,-0.0005,-0.1006,0.9949,0,0,0.1502,0,1]},
{"frame":11,"values":[1,-0.0001,0.0005,0,0,0.9928,0.1191,0,-0.0005,-0.1191,0.9928,0,0,0.1502,0,1]},
{"frame":12,"values":[1,-0.0001,0.0005,0,0,0.9903,0.1385,0,-0.0005,-0.1385,0.9903,0,0,0.1502,0,1]},
{"frame":13,"values":[1,-0.0001,0.0005,0,0.0001,0.9873,0.1586,0,-0.0005,-0.1586,0.9873,0,0,0.1502,0,1]},
{"frame":14,"values":[1,-0.0002,0.0005,0,0.0001,0.9837,0.1792,0,-0.0005,-0.1792,0.9837,0,0,0.1502,0,1]},
{"frame":15,"values":[1,-0.0002,0.0005,0,0.0001,0.9797,0.2,0,-0.0005,-0.2,0.9797,0,0,0.1502,0,1]},
{"frame":16,"values":[1,-0.0002,0.0005,0,0.0001,0.9752,0.2208,0,-0.0005,-0.2208,0.9752,0,0,0.1502,0,1]},
{"frame":17,"values":[1,-0.0002,0.0005,0,0.0001,0.9703,0.2415,0,-0.0005,-0.2415,0.9703,0,0,0.1502,0,1]},
{"frame":18,"values":[1,-0.0002,0.0005,0,0.0001,0.9651,0.2617,0,-0.0005,-0.2617,0.9651,0,0,0.1502,0,1]},
{"frame":19,"values":[1,-0.0002,0.0005,0,0.0001,0.9596,0.2812,0,-0.0005,-0.2812,0.9596,0,0,0.1502,0,1]},
{"frame":20,"values":[1,-0.0003,0.0005,0,0.0001,0.9539,0.3,0,-0.0005,-0.3,0.9539,0,0,0.1502,0,1]},
{"frame":21,"values":[1,-0.0003,0.0004,0,0.0001,0.9481,0.3177,0,-0.0005,-0.3177,0.9481,0,0,0.1502,0,1]},
{"frame":22,"values":[1,-0.0003,0.0004,0,0.0001,0.9424,0.3342,0,-0.0005,-0.3342,0.9424,0,0,0.1502,0,1]},
{"frame":23,"values":[1,-0.0003,0.0004,0,0.0001,0.9369,0.3493,0,-0.0005,-0.3493,0.9369,0,0,0.1502,0,1]},
{"frame":24,"values":[1,-0.0003,0.0004,0,0.0001,0.9318,0.3629,0,-0.0005,-0.3629,0.9318,0,0,0.1502,0,1]},
{"frame":25,"values":[1,-0.0003,0.0004,0,0.0001,0.927,0.3748,0,-0.0005,-0.3748,0.927,0,0,0.1502,0,1]},
{"frame":26,"values":[1,-0.0003,0.0004,0,0.0001,0.9229,0.3849,0,-0.0005,-0.3849,0.9229,0,0,0.1502,0,1]},
{"frame":27,"values":[1,-0.0003,0.0004,0,0.0001,0.9195,0.393,0,-0.0005,-0.393,0.9195,0,0,0.1502,0,1]},
{"frame":28,"values":[1,-0.0003,0.0004,0,0.0002,0.9169,0.399,0,-0.0005,-0.399,0.9169,0,0,0.1502,0,1]},
{"frame":29,"values":[1,-0.0003,0.0004,0,0.0002,0.9153,0.4027,0,-0.0005,-0.4027,0.9153,0,0,0.1502,0,1]},
{"frame":30,"values":[1,-0.0003,0.0004,0,0.0002,0.9147,0.404,0,-0.0005,-0.404,0.9147,0,0,0.1502,0,1]},
{"frame":41,"values":[1,-0.0003,0.0004,0,0.0002,0.9153,0.4028,0,-0.0005,-0.4028,0.9153,0,0,0.1502,0,1]},
{"frame":42,"values":[1,-0.0003,0.0004,0,0.0002,0.9168,0.3993,0,-0.0005,-0.3993,0.9168,0,0,0.1502,0,1]},
{"frame":43,"values":[1,-0.0003,0.0004,0,0.0001,0.9192,0.3937,0,-0.0005,-0.3937,0.9192,0,0,0.1502,0,1]},
{"frame":44,"values":[1,-0.0003,0.0004,0,0.0001,0.9224,0.3861,0,-0.0005,-0.3861,0.9224,0,0,0.1502,0,1]},
{"frame":45,"values":[1,-0.0003,0.0004,0,0.0001,0.9263,0.3767,0,-0.0005,-0.3767,0.9263,0,0,0.1502,0,1]},
{"frame":46,"values":[1,-0.0003,0.0004,0,0.0001,0.9308,0.3655,0,-0.0005,-0.3655,0.9308,0,0,0.1502,0,1]},
{"frame":47,"values":[1,-0.0003,0.0004,0,0.0001,0.9357,0.3527,0,-0.0005,-0.3527,0.9357,0,0,0.1502,0,1]},
{"frame":48,"values":[1,-0.0003,0.0004,0,0.0001,0.941,0.3384,0,-0.0005,-0.3384,0.941,0,0,0.1502,0,1]},
{"frame":49,"values":[1,-0.0003,0.0004,0,0.0001,0.9465,0.3228,0,-0.0005,-0.3228,0.9465,0,0,0.1502,0,1]},
{"frame":50,"values":[1,-0.0003,0.0005,0,0.0001,0.952,0.306,0,-0.0005,-0.306,0.952,0,0,0.1502,0,1]},
{"frame":51,"values":[1,-0.0002,0.0005,0,0.0001,0.9575,0.2882,0,-0.0005,-0.2882,0.9575,0,0,0.1502,0,1]},
{"frame":52,"values":[1,-0.0002,0.0005,0,0.0001,0.963,0.2696,0,-0.0005,-0.2696,0.963,0,0,0.1502,0,1]},
{"frame":53,"values":[1,-0.0002,0.0005,0,0.0001,0.9682,0.2503,0,-0.0005,-0.2503,0.9682,0,0,0.1502,0,1]},
{"frame":54,"values":[1,-0.0002,0.0005,0,0.0001,0.9731,0.2305,0,-0.0005,-0.2305,0.9731,0,0,0.1502,0,1]},
{"frame":55,"values":[1,-0.0002,0.0005,0,0.0001,0.9776,0.2105,0,-0.0005,-0.2105,0.9776,0,0,0.1502,0,1]},
{"frame":56,"values":[1,-0.0002,0.0005,0,0.0001,0.9817,0.1903,0,-0.0005,-0.1903,0.9817,0,0,0.1502,0,1]},
{"frame":57,"values":[1,-0.0001,0.0005,0,0.0001,0.9854,0.1703,0,-0.0005,-0.1703,0.9854,0,0,0.1502,0,1]},
{"frame":58,"values":[1,-0.0001,0.0005,0,0.0001,0.9886,0.1505,0,-0.0005,-0.1505,0.9886,0,0,0.1502,0,1]},
{"frame":59,"values":[1,-0.0001,0.0005,0,0,0.9913,0.1313,0,-0.0005,-0.1313,0.9913,0,0,0.1502,0,1]},
{"frame":60,"values":[1,-0.0001,0.0005,0,0,0.9936,0.1128,0,-0.0005,-0.1128,0.9936,0,0,0.1502,0,1]},
{"frame":61,"values":[1,-0.0001,0.0005,0,0,0.9955,0.0953,0,-0.0005,-0.0953,0.9954,0,0,0.1502,0,1]},
{"frame":62,"values":[1,-0.0001,0.0005,0,0,0.9969,0.0788,0,-0.0005,-0.0788,0.9969,0,0,0.1502,0,1]},
{"frame":63,"values":[1,0,0.0005,0,0,0.998,0.0636,0,-0.0005,-0.0636,0.998,0,0,0.1502,0,1]},
{"frame":64,"values":[1,0,0.0005,0,0,0.9988,0.0499,0,-0.0005,-0.0499,0.9988,0,0,0.1502,0,1]},
{"frame":65,"values":[1,0,0.0005,0,0,0.9993,0.0379,0,-0.0005,-0.0379,0.9993,0,0,0.1502,0,1]},
{"frame":66,"values":[1,0,0.0005,0,0,0.9996,0.0276,0,-0.0005,-0.0276,0.9996,0,0,0.1502,0,1]},
{"frame":67,"values":[1,0,0.0005,0,0,0.9998,0.0194,0,-0.0005,-0.0194,0.9998,0,0,0.1502,0,1]},
{"frame":68,"values":[1,0,0.0005,0,0,0.9999,0.0133,0,-0.0005,-0.0133,0.9999,0,0,0.1502,0,1]},
{"frame":69,"values":[1,0,0.0005,0,0,0.9999,0.0095,0,-0.0005,-0.0095,0.9999,0,0,0.1502,0,1]},
{"frame":70,"values":[1,0,0.0005,0,0,0.9999,0.0082,0,-0.0005,-0.0082,0.9999,0,0,0.1502,0,1]}],"loopBehavior":1,"name":"anim","property":"_matrix"}},
{"name":"main.001","index":3,"matrix":[0.956,-0.001,-0.2933,0,-0.2933,-0.0077,-0.956,0,-0.0013,1,-0.0076,0,0.05,0.0743,-0.1566,1],"rest":[0.9556,-0.0018,-0.2946,0,-0.2946,-0.0059,-0.9556,0,0,1,-0.0061,0,0.05,0.0743,-0.1566,1],"parentBoneIndex":0,"length":0.0364
,"animation":{"dataType":3,"framePerSecond":30,"keys":[
{"frame":1,"values":[0.956,-0.001,-0.2933,0,-0.2933,-0.0077,-0.956,0,-0.0013,1,-0.0076,0,0.05,0.0743,-0.1566,1]},
{"frame":2,"values":[0.9559,-0.0013,-0.2937,0,-0.2937,-0.0071,-0.9559,0,-0.0009,1,-0.0072,0,0.05,0.0743,-0.1566,1]},
{"frame":3,"values":[0.9556,-0.0019,-0.2947,0,-0.2947,-0.0057,-0.9556,0,0.0002,1,-0.006,0,0.05,0.0743,-0.1566,1]},
{"frame":4,"values":[0.9551,-0.003,-0.2963,0,-0.2964,-0.0033,-0.9551,0,0.0019,1,-0.004,0,0.05,0.0743,-0.1566,1]},
{"frame":5,"values":[0.9544,-0.0044,-0.2986,0,-0.2986,-0.0001,-0.9544,0,0.0041,1,-0.0014,0,0.05,0.0743,-0.1566,1]},
{"frame":6,"values":[0.9535,-0.006,-0.3012,0,-0.3012,0.0038,-0.9535,0,0.0069,1,0.0018,0,0.05,0.0743,-0.1566,1]},
{"frame":7,"values":[0.9525,-0.008,-0.3043,0,-0.3043,0.0083,-0.9526,0,0.0101,0.9999,0.0055,0,0.05,0.0743,-0.1566,1]},
{"frame":8,"values":[0.9514,-0.0101,-0.3078,0,-0.3076,0.0134,-0.9514,0,0.0137,0.9999,0.0097,0,0.05,0.0743,-0.1566,1]},
{"frame":9,"values":[0.9502,-0.0123,-0.3114,0,-0.3112,0.019,-0.9502,0,0.0177,0.9997,0.0142,0,0.05,0.0743,-0.1566,1]},
{"frame":10,"values":[0.9489,-0.0147,-0.3153,0,-0.3149,0.025,-0.9488,0,0.0218,0.9996,0.0191,0,0.05,0.0743,-0.1566,1]},
{"frame":11,"values":[0.9475,-0.0171,-0.3192,0,-0.3185,0.0315,-0.9474,0,0.0263,0.9994,0.0244,0,0.05,0.0743,-0.1566,1]},
{"frame":12,"values":[0.9462,-0.0195,-0.323,0,-0.3221,0.0383,-0.9459,0,0.0308,0.9991,0.03,0,0.05,0.0743,-0.1566,1]},
{"frame":13,"values":[0.9448,-0.0219,-0.3269,0,-0.3257,0.0453,-0.9444,0,0.0354,0.9987,0.0357,0,0.05,0.0743,-0.1566,1]},
{"frame":14,"values":[0.9434,-0.0241,-0.3307,0,-0.3291,0.0524,-0.9428,0,0.0401,0.9983,0.0415,0,0.05,0.0743,-0.1566,1]},
{"frame":15,"values":[0.9422,-0.0263,-0.3341,0,-0.3322,0.0597,-0.9413,0,0.0447,0.9979,0.0475,0,0.05,0.0743,-0.1566,1]},
{"frame":16,"values":[0.9409,-0.0283,-0.3375,0,-0.3351,0.0669,-0.9398,0,0.0492,0.9974,0.0535,0,0.05,0.0743,-0.1566,1]},
{"frame":17,"values":[0.9397,-0.0301,-0.3407,0,-0.3378,0.074,-0.9383,0,0.0535,0.9968,0.0594,0,0.05,0.0743,-0.1566,1]},
{"frame":18,"values":[0.9386,-0.0317,-0.3437,0,-0.3403,0.081,-0.9368,0,0.0576,0.9962,0.0652,0,0.05,0.0743,-0.1566,1]},
{"frame":19,"values":[0.9375,-0.0332,-0.3463,0,-0.3424,0.0879,-0.9354,0,0.0615,0.9956,0.071,0,0.05,0.0743,-0.1566,1]},
{"frame":20,"values":[0.9366,-0.0345,-0.3488,0,-0.3444,0.0943,-0.9341,0,0.0651,0.9949,0.0765,0,0.05,0.0743,-0.1566,1]},
{"frame":21,"values":[0.9357,-0.0355,-0.351,0,-0.3461,0.1004,-0.9328,0,0.0684,0.9943,0.0816,0,0.05,0.0743,-0.1566,1]},
{"frame":22,"values":[0.9349,-0.0364,-0.353,0,-0.3476,0.1061,-0.9316,0,0.0714,0.9937,0.0865,0,0.05,0.0743,-0.1566,1]},
{"frame":23,"values":[0.9343,-0.0371,-0.3547,0,-0.3488,0.1114,-0.9305,0,0.0741,0.9931,0.0911,0,0.05,0.0743,-0.1566,1]},
{"frame":24,"values":[0.9337,-0.0377,-0.3562,0,-0.3499,0.1162,-0.9296,0,0.0764,0.9925,0.0953,0,0.05,0.0743,-0.1566,1]},
{"frame":25,"values":[0.9332,-0.0381,-0.3574,0,-0.3508,0.1203,-0.9287,0,0.0784,0.992,0.0988,0,0.05,0.0743,-0.1566,1]},
{"frame":26,"values":[0.9327,-0.0385,-0.3585,0,-0.3516,0.1237,-0.9279,0,0.0801,0.9916,0.1019,0,0.05,0.0743,-0.1566,1]},
{"frame":27,"values":[0.9324,-0.0387,-0.3594,0,-0.3522,0.1265,-0.9273,0,0.0813,0.9912,0.1043,0,0.05,0.0743,-0.1566,1]},
{"frame":28,"values":[0.9321,-0.0388,-0.36,0,-0.3526,0.1286,-0.9269,0,0.0823,0.9909,0.1061,0,0.05,0.0743,-0.1566,1]},
{"frame":29,"values":[0.932,-0.0388,-0.3603,0,-0.3529,0.1299,-0.9266,0,0.0828,0.9908,0.1073,0,0.05,0.0743,-0.1566,1]},
{"frame":30,"values":[0.932,-0.0388,-0.3604,0,-0.3529,0.1303,-0.9266,0,0.083,0.9907,0.1078,0,0.05,0.0743,-0.1566,1]},
{"frame":31,"values":[0.932,-0.0389,-0.3604,0,-0.3529,0.1303,-0.9266,0,0.083,0.9907,0.1077,0,0.05,0.0743,-0.1566,1]},
{"frame":32,"values":[0.932,-0.0389,-0.3604,0,-0.3529,0.1303,-0.9265,0,0.083,0.9907,0.1077,0,0.05,0.0743,-0.1566,1]},
{"frame":34,"values":[0.932,-0.0389,-0.3605,0,-0.3529,0.1303,-0.9265,0,0.083,0.9907,0.1077,0,0.05,0.0743,-0.1566,1]},
{"frame":35,"values":[0.932,-0.0389,-0.3605,0,-0.3529,0.1303,-0.9265,0,0.0831,0.9907,0.1077,0,0.05,0.0743,-0.1566,1]},
{"frame":37,"values":[0.932,-0.039,-0.3605,0,-0.3529,0.1303,-0.9265,0,0.0831,0.9907,0.1077,0,0.05,0.0743,-0.1566,1]},
{"frame":41,"values":[0.932,-0.0389,-0.3604,0,-0.3529,0.1299,-0.9266,0,0.0829,0.9908,0.1073,0,0.05,0.0743,-0.1566,1]},
{"frame":42,"values":[0.9321,-0.0389,-0.36,0,-0.3526,0.1287,-0.9269,0,0.0823,0.9909,0.1062,0,0.05,0.0743,-0.1566,1]},
{"frame":43,"values":[0.9324,-0.0387,-0.3595,0,-0.3522,0.1267,-0.9273,0,0.0815,0.9912,0.1045,0,0.05,0.0743,-0.1566,1]},
{"frame":44,"values":[0.9327,-0.0385,-0.3587,0,-0.3517,0.1241,-0.9279,0,0.0802,0.9915,0.1022,0,0.05,0.0743,-0.1566,1]},
{"frame":45,"values":[0.9331,-0.0382,-0.3576,0,-0.351,0.1209,-0.9286,0,0.0787,0.9919,0.0994,0,0.05,0.0743,-0.1566,1]},
{"frame":46,"values":[0.9336,-0.0378,-0.3564,0,-0.3501,0.117,-0.9294,0,0.0768,0.9924,0.096,0,0.05,0.0743,-0.1566,1]},
{"frame":47,"values":[0.9341,-0.0373,-0.355,0,-0.3491,0.1126,-0.9303,0,0.0747,0.9929,0.0921,0,0.05,0.0743,-0.1566,1]},
{"frame":48,"values":[0.9347,-0.0366,-0.3535,0,-0.3479,0.1076,-0.9313,0,0.0721,0.9935,0.0878,0,0.05,0.0743,-0.1566,1]},
{"frame":49,"values":[0.9354,-0.0358,-0.3516,0,-0.3466,0.1021,-0.9324,0,0.0693,0.9941,0.0831,0,0.05,0.0743,-0.1566,1]},
{"frame":50,"values":[0.9363,-0.0348,-0.3495,0,-0.345,0.0964,-0.9337,0,0.0662,0.9947,0.0782,0,0.05,0.0743,-0.1566,1]},
{"frame":51,"values":[0.9372,-0.0337,-0.3472,0,-0.3432,0.0903,-0.9349,0,0.0628,0.9953,0.073,0,0.05,0.0743,-0.1566,1]},
{"frame":52,"values":[0.9381,-0.0324,-0.3447,0,-0.3412,0.0838,-0.9363,0,0.0592,0.996,0.0676,0,0.05,0.0743,-0.1566,1]},
{"frame":53,"values":[0.9392,-0.0308,-0.3421,0,-0.339,0.077,-0.9376,0,0.0553,0.9966,0.0619,0,0.05,0.0743,-0.1566,1]},
{"frame":54,"values":[0.9403,-0.0291,-0.339,0,-0.3364,0.0703,-0.9391,0,0.0512,0.9971,0.0563,0,0.05,0.0743,-0.1566,1]},
{"frame":55,"values":[0.9415,-0.0273,-0.3358,0,-0.3337,0.0633,-0.9406,0,0.0469,0.9976,0.0505,0,0.05,0.0743,-0.1566,1]},
{"frame":56,"values":[0.9428,-0.0253,-0.3325,0,-0.3308,0.0563,-0.942,0,0.0425,0.9981,0.0447,0,0.05,0.0743,-0.1566,1]},
{"frame":57,"values":[0.944,-0.0231,-0.329,0,-0.3276,0.0493,-0.9435,0,0.0381,0.9985,0.039,0,0.05,0.0743,-0.1566,1]},
{"frame":58,"values":[0.9454,-0.0209,-0.3253,0,-0.3243,0.0425,-0.945,0,0.0336,0.9989,0.0334,0,0.05,0.0743,-0.1566,1]},
{"frame":59,"values":[0.9467,-0.0186,-0.3216,0,-0.3208,0.0358,-0.9465,0,0.0292,0.9992,0.0279,0,0.05,0.0743,-0.1566,1]},
{"frame":60,"values":[0.948,-0.0163,-0.3179,0,-0.3173,0.0293,-0.9479,0,0.0248,0.9994,0.0226,0,0.05,0.0743,-0.1566,1]},
{"frame":61,"values":[0.9493,-0.014,-0.3141,0,-0.3138,0.0232,-0.9492,0,0.0206,0.9996,0.0176,0,0.05,0.0743,-0.1566,1]},
{"frame":62,"values":[0.9505,-0.0117,-0.3104,0,-0.3102,0.0175,-0.9505,0,0.0166,0.9998,0.013,0,0.05,0.0743,-0.1566,1]},
{"frame":63,"values":[0.9517,-0.0096,-0.3069,0,-0.3068,0.0122,-0.9517,0,0.0129,0.9999,0.0087,0,0.05,0.0743,-0.1566,1]},
{"frame":64,"values":[0.9527,-0.0076,-0.3037,0,-0.3036,0.0074,-0.9528,0,0.0094,0.9999,0.0047,0,0.05,0.0743,-0.1566,1]},
{"frame":65,"values":[0.9537,-0.0057,-0.3008,0,-0.3007,0.0031,-0.9537,0,0.0064,1,0.0012,0,0.05,0.0743,-0.1566,1]},
{"frame":66,"values":[0.9545,-0.0042,-0.2982,0,-0.2982,-0.0006,-0.9545,0,0.0038,1,-0.0018,0,0.05,0.0743,-0.1566,1]},
{"frame":67,"values":[0.9551,-0.0028,-0.2962,0,-0.2962,-0.0036,-0.9551,0,0.0017,1,-0.0043,0,0.05,0.0743,-0.1566,1]},
{"frame":68,"values":[0.9556,-0.0019,-0.2946,0,-0.2946,-0.0058,-0.9556,0,0.0001,1,-0.0061,0,0.05,0.0743,-0.1566,1]},
{"frame":69,"values":[0.9559,-0.0013,-0.2937,0,-0.2937,-0.0072,-0.9559,0,-0.0009,1,-0.0072,0,0.05,0.0743,-0.1566,1]},
{"frame":70,"values":[0.956,-0.001,-0.2933,0,-0.2933,-0.0077,-0.956,0,-0.0013,1,-0.0076,0,0.05,0.0743,-0.1566,1]}],"loopBehavior":1,"name":"anim","property":"_matrix"}},
{"name":"main.002","index":4,"matrix":[0.9991,0.0017,0.0418,0,-0.0126,0.9646,0.2636,0,-0.0398,-0.2639,0.9637,0,0,0.0364,0,1],"rest":[0.9992,0.002,0.041,0,-0.0128,0.9644,0.264,0,-0.0391,-0.2643,0.9637,0,0,0.0364,0,1],"parentBoneIndex":3,"length":0.0336
,"animation":{"dataType":3,"framePerSecond":30,"keys":[
{"frame":1,"values":[0.9991,0.0017,0.0418,0,-0.0126,0.9646,0.2636,0,-0.0398,-0.2639,0.9637,0,0,0.0364,0,1]},
{"frame":2,"values":[0.9991,0.0017,0.0415,0,-0.0126,0.9645,0.2637,0,-0.0396,-0.264,0.9637,0,0,0.0364,0,1]},
{"frame":3,"values":[0.9992,0.002,0.0409,0,-0.0127,0.9644,0.264,0,-0.0389,-0.2643,0.9637,0,0,0.0364,0,1]},
{"frame":4,"values":[0.9992,0.0023,0.0399,0,-0.0128,0.9643,0.2644,0,-0.0378,-0.2647,0.9636,0,0,0.0364,0,1]},
{"frame":5,"values":[0.9993,0.0027,0.0385,0,-0.0128,0.9642,0.265,0,-0.0364,-0.2653,0.9635,0,0,0.0364,0,1]},
{"frame":6,"values":[0.9993,0.0032,0.0368,0,-0.0129,0.964,0.2657,0,-0.0346,-0.266,0.9634,0,0,0.0364,0,1]},
{"frame":7,"values":[0.9994,0.0037,0.0348,0,-0.0129,0.9638,0.2664,0,-0.0326,-0.2667,0.9632,0,0,0.0364,0,1]},
{"frame":8,"values":[0.9995,0.0042,0.0327,0,-0.0128,0.9636,0.2672,0,-0.0304,-0.2674,0.9631,0,0,0.0364,0,1]},
{"frame":9,"values":[0.9995,0.0046,0.0304,0,-0.0126,0.9634,0.2679,0,-0.028,-0.2681,0.963,0,0,0.0364,0,1]},
{"frame":10,"values":[0.9996,0.005,0.0279,0,-0.0123,0.9632,0.2686,0,-0.0255,-0.2688,0.9629,0,0,0.0364,0,1]},
{"frame":11,"values":[0.9997,0.0052,0.0254,0,-0.0118,0.963,0.2692,0,-0.0231,-0.2694,0.9627,0,0,0.0364,0,1]},
{"frame":12,"values":[0.9997,0.0052,0.0228,0,-0.0111,0.9629,0.2698,0,-0.0206,-0.27,0.9626,0,0,0.0364,0,1]},
{"frame":13,"values":[0.9998,0.005,0.0203,0,-0.0103,0.9627,0.2702,0,-0.0182,-0.2704,0.9626,0,0,0.0364,0,1]},
{"frame":14,"values":[0.9998,0.0048,0.0178,0,-0.0094,0.9627,0.2705,0,-0.0159,-0.2707,0.9625,0,0,0.0364,0,1]},
{"frame":15,"values":[0.9999,0.0042,0.0154,0,-0.0082,0.9626,0.2707,0,-0.0137,-0.2708,0.9625,0,0,0.0364,0,1]},
{"frame":16,"values":[0.9999,0.0035,0.0131,0,-0.0069,0.9626,0.2708,0,-0.0117,-0.2709,0.9626,0,0,0.0364,0,1]},
{"frame":17,"values":[0.9999,0.0027,0.011,0,-0.0056,0.9627,0.2707,0,-0.0098,-0.2707,0.9626,0,0,0.0364,0,1]},
{"frame":18,"values":[1,0.0018,0.009,0,-0.0042,0.9627,0.2704,0,-0.0082,-0.2704,0.9627,0,0,0.0364,0,1]},
{"frame":19,"values":[1,0.0007,0.0072,0,-0.0026,0.9628,0.27,0,-0.0068,-0.2701,0.9628,0,0,0.0364,0,1]},
{"frame":20,"values":[1,-0.0004,0.0056,0,-0.0011,0.963,0.2696,0,-0.0055,-0.2696,0.963,0,0,0.0364,0,1]},
{"frame":21,"values":[1,-0.0015,0.0042,0,0.0003,0.9631,0.269,0,-0.0045,-0.269,0.9631,0,0,0.0364,0,1]},
{"frame":22,"values":[1,-0.0027,0.003,0,0.0018,0.9633,0.2683,0,-0.0036,-0.2683,0.9633,0,0,0.0364,0,1]},
{"frame":23,"values":[1,-0.0038,0.002,0,0.0031,0.9635,0.2677,0,-0.0029,-0.2676,0.9635,0,0,0.0364,0,1]},
{"frame":24,"values":[1,-0.0049,0.0011,0,0.0044,0.9637,0.267,0,-0.0024,-0.267,0.9637,0,0,0.0364,0,1]},
{"frame":25,"values":[1,-0.0058,0.0004,0,0.0055,0.9639,0.2663,0,-0.002,-0.2663,0.9639,0,0,0.0364,0,1]},
{"frame":26,"values":[1,-0.0066,-0.0001,0,0.0064,0.964,0.2657,0,-0.0016,-0.2657,0.964,0,0,0.0364,0,1]},
{"frame":27,"values":[1,-0.0073,-0.0006,0,0.0072,0.9642,0.2652,0,-0.0014,-0.2652,0.9642,0,0,0.0364,0,1]},
{"frame":28,"values":[1,-0.0078,-0.0009,0,0.0077,0.9643,0.2648,0,-0.0012,-0.2648,0.9643,0,0,0.0364,0,1]},
{"frame":29,"values":[1,-0.0081,-0.0009,0,0.0081,0.9643,0.2646,0,-0.0012,-0.2646,0.9644,0,0,0.0364,0,1]},
{"frame":30,"values":[1,-0.0082,-0.001,0,0.0081,0.9643,0.2646,0,-0.0012,-0.2646,0.9644,0,0,0.0364,0,1]},
{"frame":32,"values":[1,-0.0082,-0.001,0,0.0082,0.9643,0.2646,0,-0.0012,-0.2646,0.9644,0,0,0.0364,0,1]},
{"frame":35,"values":[1,-0.0082,-0.001,0,0.0082,0.9643,0.2646,0,-0.0013,-0.2646,0.9644,0,0,0.0364,0,1]},
{"frame":37,"values":[1,-0.0083,-0.0009,0,0.0082,0.9643,0.2646,0,-0.0013,-0.2646,0.9644,0,0,0.0364,0,1]},
{"frame":41,"values":[1,-0.0082,-0.0009,0,0.0081,0.9643,0.2646,0,-0.0013,-0.2646,0.9644,0,0,0.0364,0,1]},
{"frame":42,"values":[1,-0.0078,-0.0007,0,0.0078,0.9643,0.2648,0,-0.0014,-0.2648,0.9643,0,0,0.0364,0,1]},
{"frame":43,"values":[1,-0.0073,-0.0006,0,0.0072,0.9642,0.2652,0,-0.0014,-0.2652,0.9642,0,0,0.0364,0,1]},
{"frame":44,"values":[1,-0.0067,-0.0002,0,0.0065,0.964,0.2657,0,-0.0016,-0.2657,0.9641,0,0,0.0364,0,1]},
{"frame":45,"values":[1,-0.006,0.0003,0,0.0057,0.9639,0.2662,0,-0.0019,-0.2662,0.9639,0,0,0.0364,0,1]},
{"frame":46,"values":[1,-0.0051,0.001,0,0.0046,0.9637,0.2668,0,-0.0023,-0.2668,0.9637,0,0,0.0364,0,1]},
{"frame":47,"values":[1,-0.0041,0.0018,0,0.0034,0.9636,0.2675,0,-0.0028,-0.2675,0.9636,0,0,0.0364,0,1]},
{"frame":48,"values":[1,-0.003,0.0027,0,0.0021,0.9634,0.2682,0,-0.0034,-0.2681,0.9634,0,0,0.0364,0,1]},
{"frame":49,"values":[1,-0.0019,0.0038,0,0.0008,0.9632,0.2688,0,-0.0042,-0.2688,0.9632,0,0,0.0364,0,1]},
{"frame":50,"values":[1,-0.0008,0.0052,0,-0.0006,0.963,0.2694,0,-0.0052,-0.2694,0.963,0,0,0.0364,0,1]},
{"frame":51,"values":[1,0.0003,0.0066,0,-0.0021,0.9629,0.2699,0,-0.0063,-0.2699,0.9629,0,0,0.0364,0,1]},
{"frame":52,"values":[1,0.0014,0.0083,0,-0.0035,0.9628,0.2703,0,-0.0076,-0.2703,0.9627,0,0,0.0364,0,1]},
{"frame":53,"values":[0.9999,0.0023,0.0101,0,-0.005,0.9627,0.2706,0,-0.0091,-0.2706,0.9626,0,0,0.0364,0,1]},
{"frame":54,"values":[0.9999,0.0031,0.0121,0,-0.0063,0.9626,0.2707,0,-0.0108,-0.2708,0.9626,0,0,0.0364,0,1]},
{"frame":55,"values":[0.9999,0.0039,0.0143,0,-0.0076,0.9626,0.2707,0,-0.0127,-0.2708,0.9626,0,0,0.0364,0,1]},
{"frame":56,"values":[0.9999,0.0045,0.0165,0,-0.0088,0.9626,0.2707,0,-0.0147,-0.2708,0.9625,0,0,0.0364,0,1]},
{"frame":57,"values":[0.9998,0.0049,0.0189,0,-0.0098,0.9627,0.2704,0,-0.0168,-0.2706,0.9626,0,0,0.0364,0,1]},
{"frame":58,"values":[0.9998,0.0051,0.0213,0,-0.0107,0.9628,0.2701,0,-0.0191,-0.2702,0.9626,0,0,0.0364,0,1]},
{"frame":59,"values":[0.9997,0.0052,0.0238,0,-0.0114,0.9629,0.2696,0,-0.0215,-0.2698,0.9627,0,0,0.0364,0,1]},
{"frame":60,"values":[0.9996,0.0051,0.0262,0,-0.012,0.9631,0.269,0,-0.0239,-0.2692,0.9628,0,0,0.0364,0,1]},
{"frame":61,"values":[0.9996,0.0049,0.0287,0,-0.0124,0.9632,0.2684,0,-0.0263,-0.2686,0.9629,0,0,0.0364,0,1]},
{"frame":62,"values":[0.9995,0.0045,0.031,0,-0.0127,0.9634,0.2677,0,-0.0286,-0.268,0.963,0,0,0.0364,0,1]},
{"frame":63,"values":[0.9994,0.0041,0.0332,0,-0.0128,0.9636,0.267,0,-0.0309,-0.2673,0.9631,0,0,0.0364,0,1]},
{"frame":64,"values":[0.9994,0.0035,0.0352,0,-0.0128,0.9638,0.2663,0,-0.033,-0.2665,0.9633,0,0,0.0364,0,1]},
{"frame":65,"values":[0.9993,0.003,0.0371,0,-0.0128,0.964,0.2656,0,-0.0349,-0.2658,0.9634,0,0,0.0364,0,1]},
{"frame":66,"values":[0.9993,0.0026,0.0386,0,-0.0127,0.9642,0.2649,0,-0.0366,-0.2652,0.9635,0,0,0.0364,0,1]},
{"frame":67,"values":[0.9992,0.0022,0.0399,0,-0.0127,0.9643,0.2644,0,-0.0379,-0.2647,0.9636,0,0,0.0364,0,1]},
{"frame":68,"values":[0.9992,0.0019,0.0409,0,-0.0126,0.9645,0.264,0,-0.039,-0.2642,0.9637,0,0,0.0364,0,1]},
{"frame":69,"values":[0.9991,0.0017,0.0415,0,-0.0126,0.9645,0.2637,0,-0.0396,-0.264,0.9637,0,0,0.0364,0,1]},
{"frame":70,"values":[0.9991,0.0017,0.0418,0,-0.0126,0.9646,0.2636,0,-0.0398,-0.2639,0.9637,0,0,0.0364,0,1]}],"loopBehavior":1,"name":"anim","property":"_matrix"}},
{"name":"main.003","index":5,"matrix":[0.9623,0.0775,0.2607,0,-0.2113,0.8167,0.537,0,-0.1713,-0.5718,0.8023,0,0,0.0336,0,1],"rest":[0.9626,0.077,0.2599,0,-0.2102,0.8173,0.5365,0,-0.1711,-0.571,0.8029,0,0,0.0336,0,1],"parentBoneIndex":4,"length":0.0315
,"animation":{"dataType":3,"framePerSecond":30,"keys":[
{"frame":1,"values":[0.9623,0.0775,0.2607,0,-0.2113,0.8167,0.537,0,-0.1713,-0.5718,0.8023,0,0,0.0336,0,1]},
{"frame":2,"values":[0.9624,0.0773,0.2605,0,-0.2109,0.8169,0.5368,0,-0.1713,-0.5716,0.8025,0,0,0.0336,0,1]},
{"frame":3,"values":[0.9626,0.0769,0.2597,0,-0.21,0.8175,0.5363,0,-0.1711,-0.5708,0.8031,0,0,0.0336,0,1]},
{"frame":4,"values":[0.963,0.0761,0.2586,0,-0.2085,0.8184,0.5355,0,-0.1709,-0.5696,0.804,0,0,0.0336,0,1]},
{"frame":5,"values":[0.9635,0.0751,0.2571,0,-0.2064,0.8197,0.5343,0,-0.1706,-0.5679,0.8052,0,0,0.0336,0,1]},
{"frame":6,"values":[0.9641,0.0737,0.2552,0,-0.2039,0.8213,0.5328,0,-0.1703,-0.5657,0.8068,0,0,0.0336,0,1]},
{"frame":7,"values":[0.9648,0.0721,0.2531,0,-0.2008,0.8232,0.531,0,-0.17,-0.5631,0.8087,0,0,0.0336,0,1]},
{"frame":8,"values":[0.9655,0.0702,0.2507,0,-0.1973,0.8254,0.5289,0,-0.1698,-0.5601,0.8108,0,0,0.0336,0,1]},
{"frame":9,"values":[0.9663,0.068,0.2482,0,-0.1935,0.828,0.5264,0,-0.1697,-0.5567,0.8132,0,0,0.0336,0,1]},
{"frame":10,"values":[0.9672,0.0656,0.2455,0,-0.1893,0.8307,0.5235,0,-0.1696,-0.5528,0.8159,0,0,0.0336,0,1]},
{"frame":11,"values":[0.968,0.0629,0.2429,0,-0.1847,0.8338,0.5203,0,-0.1698,-0.5485,0.8187,0,0,0.0336,0,1]},
{"frame":12,"values":[0.9689,0.0599,0.2402,0,-0.1799,0.837,0.5167,0,-0.1701,-0.5439,0.8218,0,0,0.0336,0,1]},
{"frame":13,"values":[0.9697,0.0568,0.2375,0,-0.1748,0.8405,0.5129,0,-0.1705,-0.5389,0.8249,0,0,0.0336,0,1]},
{"frame":14,"values":[0.9705,0.0535,0.235,0,-0.1697,0.844,0.5087,0,-0.1711,-0.5336,0.8282,0,0,0.0336,0,1]},
{"frame":15,"values":[0.9713,0.0499,0.2326,0,-0.1644,0.8477,0.5043,0,-0.172,-0.5281,0.8316,0,0,0.0336,0,1]},
{"frame":16,"values":[0.972,0.0463,0.2304,0,-0.159,0.8515,0.4997,0,-0.173,-0.5223,0.835,0,0,0.0336,0,1]},
{"frame":17,"values":[0.9727,0.0427,0.2283,0,-0.1537,0.8553,0.4949,0,-0.1741,-0.5164,0.8384,0,0,0.0336,0,1]},
{"frame":18,"values":[0.9732,0.0391,0.2264,0,-0.1485,0.859,0.49,0,-0.1753,-0.5105,0.8418,0,0,0.0336,0,1]},
{"frame":19,"values":[0.9738,0.0355,0.2248,0,-0.1434,0.8627,0.485,0,-0.1767,-0.5045,0.8451,0,0,0.0336,0,1]},
{"frame":20,"values":[0.9742,0.032,0.2234,0,-0.1385,0.8662,0.48,0,-0.1781,-0.4986,0.8483,0,0,0.0336,0,1]},
{"frame":21,"values":[0.9746,0.0287,0.2221,0,-0.1339,0.8696,0.4752,0,-0.1795,-0.4929,0.8514,0,0,0.0336,0,1]},
{"frame":22,"values":[0.9749,0.0255,0.2211,0,-0.1296,0.8728,0.4706,0,-0.181,-0.4874,0.8542,0,0,0.0336,0,1]},
{"frame":23,"values":[0.9752,0.0226,0.2203,0,-0.1256,0.8758,0.4661,0,-0.1824,-0.4822,0.8569,0,0,0.0336,0,1]},
{"frame":24,"values":[0.9754,0.0199,0.2197,0,-0.122,0.8784,0.462,0,-0.1838,-0.4774,0.8592,0,0,0.0336,0,1]},
{"frame":25,"values":[0.9755,0.0176,0.2192,0,-0.1189,0.8808,0.4584,0,-0.185,-0.4732,0.8613,0,0,0.0336,0,1]},
{"frame":26,"values":[0.9757,0.0156,0.2188,0,-0.1162,0.8828,0.4552,0,-0.186,-0.4696,0.8631,0,0,0.0336,0,1]},
{"frame":27,"values":[0.9757,0.014,0.2185,0,-0.114,0.8844,0.4527,0,-0.1869,-0.4666,0.8645,0,0,0.0336,0,1]},
{"frame":28,"values":[0.9758,0.0128,0.2183,0,-0.1125,0.8855,0.4507,0,-0.1875,-0.4644,0.8656,0,0,0.0336,0,1]},
{"frame":29,"values":[0.9758,0.0121,0.2182,0,-0.1115,0.8863,0.4495,0,-0.188,-0.463,0.8662,0,0,0.0336,0,1]},
{"frame":30,"values":[0.9759,0.0119,0.2181,0,-0.1111,0.8866,0.4491,0,-0.188,-0.4625,0.8665,0,0,0.0336,0,1]},
{"frame":41,"values":[0.9758,0.0121,0.2182,0,-0.1115,0.8863,0.4495,0,-0.188,-0.4629,0.8662,0,0,0.0336,0,1]},
{"frame":42,"values":[0.9758,0.0127,0.2183,0,-0.1124,0.8856,0.4506,0,-0.1876,-0.4642,0.8656,0,0,0.0336,0,1]},
{"frame":43,"values":[0.9757,0.0139,0.2185,0,-0.1139,0.8845,0.4524,0,-0.187,-0.4663,0.8646,0,0,0.0336,0,1]},
{"frame":44,"values":[0.9757,0.0154,0.2187,0,-0.1159,0.883,0.4548,0,-0.1861,-0.4691,0.8633,0,0,0.0336,0,1]},
{"frame":45,"values":[0.9756,0.0172,0.2191,0,-0.1184,0.8811,0.4578,0,-0.1852,-0.4726,0.8616,0,0,0.0336,0,1]},
{"frame":46,"values":[0.9754,0.0194,0.2196,0,-0.1213,0.8789,0.4613,0,-0.184,-0.4766,0.8597,0,0,0.0336,0,1]},
{"frame":47,"values":[0.9752,0.0219,0.2202,0,-0.1247,0.8764,0.4651,0,-0.1827,-0.4811,0.8574,0,0,0.0336,0,1]},
{"frame":48,"values":[0.975,0.0247,0.2209,0,-0.1285,0.8736,0.4693,0,-0.1814,-0.486,0.8549,0,0,0.0336,0,1]},
{"frame":49,"values":[0.9747,0.0277,0.2218,0,-0.1326,0.8706,0.4738,0,-0.18,-0.4912,0.8522,0,0,0.0336,0,1]},
{"frame":50,"values":[0.9743,0.0309,0.2229,0,-0.137,0.8674,0.4784,0,-0.1786,-0.4967,0.8494,0,0,0.0336,0,1]},
{"frame":51,"values":[0.9739,0.0342,0.2243,0,-0.1416,0.864,0.4832,0,-0.1772,-0.5023,0.8463,0,0,0.0336,0,1]},
{"frame":52,"values":[0.9735,0.0377,0.2257,0,-0.1465,0.8605,0.488,0,-0.1759,-0.5081,0.8432,0,0,0.0336,0,1]},
{"frame":53,"values":[0.9729,0.0412,0.2274,0,-0.1515,0.8569,0.4928,0,-0.1746,-0.5139,0.8399,0,0,0.0336,0,1]},
{"frame":54,"values":[0.9723,0.0446,0.2294,0,-0.1565,0.8532,0.4975,0,-0.1735,-0.5196,0.8366,0,0,0.0336,0,1]},
{"frame":55,"values":[0.9716,0.0481,0.2315,0,-0.1617,0.8496,0.502,0,-0.1725,-0.5252,0.8333,0,0,0.0336,0,1]},
{"frame":56,"values":[0.9709,0.0516,0.2337,0,-0.1668,0.846,0.5064,0,-0.1716,-0.5307,0.83,0,0,0.0336,0,1]},
{"frame":57,"values":[0.9702,0.0549,0.2361,0,-0.1719,0.8425,0.5106,0,-0.1709,-0.5359,0.8268,0,0,0.0336,0,1]},
{"frame":58,"values":[0.9694,0.058,0.2386,0,-0.1769,0.8391,0.5145,0,-0.1703,-0.5409,0.8236,0,0,0.0336,0,1]},
{"frame":59,"values":[0.9686,0.061,0.2412,0,-0.1817,0.8358,0.5181,0,-0.17,-0.5456,0.8206,0,0,0.0336,0,1]},
{"frame":60,"values":[0.9677,0.0638,0.2438,0,-0.1863,0.8327,0.5214,0,-0.1697,-0.55,0.8178,0,0,0.0336,0,1]},
{"frame":61,"values":[0.9669,0.0664,0.2463,0,-0.1906,0.8299,0.5244,0,-0.1696,-0.554,0.8151,0,0,0.0336,0,1]},
{"frame":62,"values":[0.9661,0.0686,0.2489,0,-0.1945,0.8273,0.5271,0,-0.1697,-0.5576,0.8126,0,0,0.0336,0,1]},
{"frame":63,"values":[0.9653,0.0707,0.2513,0,-0.1982,0.8249,0.5294,0,-0.1699,-0.5609,0.8103,0,0,0.0336,0,1]},
{"frame":64,"values":[0.9646,0.0724,0.2535,0,-0.2015,0.8228,0.5314,0,-0.1701,-0.5637,0.8083,0,0,0.0336,0,1]},
{"frame":65,"values":[0.964,0.074,0.2555,0,-0.2043,0.821,0.5331,0,-0.1704,-0.5661,0.8065,0,0,0.0336,0,1]},
{"frame":66,"values":[0.9634,0.0752,0.2573,0,-0.2067,0.8195,0.5345,0,-0.1706,-0.5681,0.8051,0,0,0.0336,0,1]},
{"frame":67,"values":[0.9629,0.0762,0.2587,0,-0.2087,0.8183,0.5356,0,-0.1709,-0.5697,0.8039,0,0,0.0336,0,1]},
{"frame":68,"values":[0.9626,0.0769,0.2598,0,-0.2101,0.8174,0.5364,0,-0.1711,-0.5709,0.803,0,0,0.0336,0,1]},
{"frame":69,"values":[0.9624,0.0774,0.2605,0,-0.211,0.8169,0.5368,0,-0.1713,-0.5716,0.8025,0,0,0.0336,0,1]},
{"frame":70,"values":[0.9623,0.0775,0.2607,0,-0.2113,0.8167,0.537,0,-0.1713,-0.5718,0.8023,0,0,0.0336,0,1]}],"loopBehavior":1,"name":"anim","property":"_matrix"}},
{"name":"main.004","index":6,"matrix":[0.892,0.2191,0.3953,0,-0.3838,0.829,0.4067,0,-0.2386,-0.5145,0.8236,0,0,0.0315,0,1],"rest":[0.8925,0.2187,0.3945,0,-0.3826,0.8303,0.4053,0,-0.2389,-0.5126,0.8247,0,0,0.0315,0,1],"parentBoneIndex":5,"length":0.0349
,"animation":{"dataType":3,"framePerSecond":30,"keys":[
{"frame":1,"values":[0.892,0.2191,0.3953,0,-0.3838,0.829,0.4067,0,-0.2386,-0.5145,0.8236,0,0,0.0315,0,1]},
{"frame":2,"values":[0.8922,0.219,0.395,0,-0.3835,0.8294,0.4063,0,-0.2387,-0.5139,0.824,0,0,0.0315,0,1]},
{"frame":3,"values":[0.8926,0.2186,0.3943,0,-0.3823,0.8306,0.405,0,-0.239,-0.5123,0.8249,0,0,0.0315,0,1]},
{"frame":4,"values":[0.8932,0.2179,0.3933,0,-0.3805,0.8324,0.4029,0,-0.2395,-0.5095,0.8264,0,0,0.0315,0,1]},
{"frame":5,"values":[0.8941,0.2171,0.3918,0,-0.378,0.8349,0.4001,0,-0.2403,-0.5058,0.8285,0,0,0.0315,0,1]},
{"frame":6,"values":[0.8951,0.216,0.39,0,-0.375,0.838,0.3965,0,-0.2412,-0.5011,0.8311,0,0,0.0315,0,1]},
{"frame":7,"values":[0.8963,0.2147,0.388,0,-0.3714,0.8416,0.3922,0,-0.2424,-0.4956,0.8341,0,0,0.0315,0,1]},
{"frame":8,"values":[0.8976,0.2132,0.3858,0,-0.3673,0.8457,0.3871,0,-0.2437,-0.4892,0.8374,0,0,0.0315,0,1]},
{"frame":9,"values":[0.899,0.2116,0.3834,0,-0.3628,0.8502,0.3814,0,-0.2452,-0.482,0.8411,0,0,0.0315,0,1]},
{"frame":10,"values":[0.9005,0.2099,0.3809,0,-0.358,0.8551,0.3751,0,-0.247,-0.4741,0.8451,0,0,0.0315,0,1]},
{"frame":11,"values":[0.902,0.208,0.3784,0,-0.3528,0.8602,0.3681,0,-0.2489,-0.4656,0.8493,0,0,0.0315,0,1]},
{"frame":12,"values":[0.9035,0.2061,0.3759,0,-0.3475,0.8656,0.3607,0,-0.251,-0.4564,0.8536,0,0,0.0315,0,1]},
{"frame":13,"values":[0.905,0.2041,0.3734,0,-0.3419,0.871,0.3527,0,-0.2532,-0.4468,0.858,0,0,0.0315,0,1]},
{"frame":14,"values":[0.9064,0.202,0.371,0,-0.3363,0.8766,0.3443,0,-0.2556,-0.4368,0.8625,0,0,0.0315,0,1]},
{"frame":15,"values":[0.9078,0.2,0.3687,0,-0.3306,0.8821,0.3355,0,-0.2581,-0.4265,0.8669,0,0,0.0315,0,1]},
{"frame":16,"values":[0.9091,0.198,0.3666,0,-0.325,0.8875,0.3266,0,-0.2607,-0.416,0.8712,0,0,0.0315,0,1]},
{"frame":17,"values":[0.9103,0.196,0.3646,0,-0.3194,0.8929,0.3175,0,-0.2633,-0.4054,0.8754,0,0,0.0315,0,1]},
{"frame":18,"values":[0.9114,0.1941,0.3628,0,-0.314,0.898,0.3083,0,-0.2659,-0.3949,0.8794,0,0,0.0315,0,1]},
{"frame":19,"values":[0.9124,0.1923,0.3612,0,-0.3087,0.9029,0.2992,0,-0.2686,-0.3845,0.8832,0,0,0.0315,0,1]},
{"frame":20,"values":[0.9134,0.1906,0.3598,0,-0.3037,0.9075,0.2903,0,-0.2711,-0.3744,0.8867,0,0,0.0315,0,1]},
{"frame":21,"values":[0.9142,0.189,0.3585,0,-0.299,0.9117,0.2818,0,-0.2736,-0.3648,0.89,0,0,0.0315,0,1]},
{"frame":22,"values":[0.9149,0.1875,0.3574,0,-0.2946,0.9156,0.2736,0,-0.276,-0.3556,0.893,0,0,0.0315,0,1]},
{"frame":23,"values":[0.9155,0.1862,0.3565,0,-0.2906,0.9192,0.266,0,-0.2782,-0.3471,0.8956,0,0,0.0315,0,1]},
{"frame":24,"values":[0.9161,0.1851,0.3558,0,-0.2869,0.9223,0.259,0,-0.2802,-0.3394,0.898,0,0,0.0315,0,1]},
{"frame":25,"values":[0.9165,0.1841,0.3552,0,-0.2838,0.925,0.2528,0,-0.282,-0.3325,0.9,0,0,0.0315,0,1]},
{"frame":26,"values":[0.9169,0.1833,0.3547,0,-0.2811,0.9272,0.2475,0,-0.2835,-0.3266,0.9016,0,0,0.0315,0,1]},
{"frame":27,"values":[0.9171,0.1826,0.3543,0,-0.2789,0.929,0.2432,0,-0.2847,-0.3219,0.903,0,0,0.0315,0,1]},
{"frame":28,"values":[0.9173,0.1821,0.354,0,-0.2773,0.9303,0.24,0,-0.2856,-0.3183,0.9039,0,0,0.0315,0,1]},
